1552048437
2434052814
2322129168
2779127065
2345885508
2044379973
2075621176
2763137833
2397986761
1810095054
1578439071
1975417825
2063746322
2256627038
2181405673
2007530683
2405691949
1784641719
2735684579
2058537840
2085791172
1994479173
2338320057
2530144749
1970002611
2143894665
2229555156
180615875
2058414375
2149331396
2465084082
2087542520
2081474178
2265398326
1970554427
2433332932
2094089565
2560771467
2098471065
2005661402
2744817015
2403766792
2136342418
2112549647
2788553099
1592324551
2242331060
2212119398
2551973267
1994523772
